{
  "rail": [
    {
      "index": 0,
      "camera": [
        -3.611166956650223,
        6.779999809265137,
        9.128401530207892
      ],
      "target": [
        -1.100546703338623,
        6.639999809265137,
        2.9869980812072754
      ],
      "zoom": 1.62
    },
    {
      "index": 1,
      "camera": [
        7.018280905965639,
        5.822856979370117,
        7.277286471029777
      ],
      "target": [
        2.0865917873382567,
        5.682856979370118,
        2.27880597114563
      ],
      "zoom": 1.54
    },
    {
      "index": 2,
      "camera": [
        8.95307925633943,
        4.865714149475098,
        -3.6826056433236296
      ],
      "target": [
        2.7813774490356447,
        4.725714149475098,
        -1.1087499856948853
      ],
      "zoom": 1.54
    },
    {
      "index": 3,
      "camera": [
        -2.591284350591974,
        3.908571319580078,
        -9.326809976178602
      ],
      "target": [
        -0.8141306567192077,
        3.768571319580078,
        -2.494182586669922
      ],
      "zoom": 1.54
    },
    {
      "index": 4,
      "camera": [
        -9.502793694696702,
        2.9514284896850587,
        0.11852149509116085
      ],
      "target": [
        -2.8932918167114257,
        2.8114284896850585,
        0.03712877631187439
      ],
      "zoom": 1.54
    },
    {
      "index": 5,
      "camera": [
        -4.164587723766711,
        1.9942856597900391,
        9.497809256463569
      ],
      "target": [
        -1.420546703338623,
        1.854285659790039,
        2.9869980812072754
      ],
      "zoom": 1.54
    },
    {
      "index": 6,
      "camera": [
        7.136199253844937,
        1.0371428298950196,
        6.993684740539897
      ],
      "target": [
        2.406591787338257,
        0.8971428298950195,
        2.27880597114563
      ],
      "zoom": 1.54
    },
    {
      "index": 7,
      "camera": [
        8.921903425199806,
        0.08,
        -3.8374240287449073
      ],
      "target": [
        2.4613774490356444,
        -0.06,
        -1.1087499856948853
      ],
      "zoom": 1.54
    },
    {
      "index": 8,
      "camera": [
        -2.0927224388828805,
        -0.8771428298950196,
        -8.939143173936976
      ],
      "target": [
        -0.49413065671920764,
        -1.0171428298950196,
        -2.494182586669922
      ],
      "zoom": 1.54
    },
    {
      "index": 9,
      "camera": [
        -10.302763732470254,
        -1.834285659790039,
        0.12341729772450138
      ],
      "target": [
        -3.213291816711426,
        -1.9742856597900391,
        0.03712877631187439
      ],
      "zoom": 1.54
    },
    {
      "index": 10,
      "camera": [
        -3.611166956650223,
        -2.7914284896850585,
        9.128401530207892
      ],
      "target": [
        -1.100546703338623,
        -2.9314284896850586,
        2.9869980812072754
      ],
      "zoom": 1.54
    },
    {
      "index": 11,
      "camera": [
        7.018280905965639,
        -3.748571319580078,
        7.277286471029777
      ],
      "target": [
        2.0865917873382567,
        -3.888571319580078,
        2.27880597114563
      ],
      "zoom": 1.54
    },
    {
      "index": 12,
      "camera": [
        8.95307925633943,
        -4.705714149475098,
        -3.6826056433236296
      ],
      "target": [
        2.7813774490356447,
        -4.845714149475097,
        -1.1087499856948853
      ],
      "zoom": 1.54
    },
    {
      "index": 13,
      "camera": [
        -2.591284350591974,
        -5.662856979370117,
        -9.326809976178602
      ],
      "target": [
        -0.8141306567192077,
        -5.802856979370117,
        -2.494182586669922
      ],
      "zoom": 1.54
    },
    {
      "index": 14,
      "camera": [
        -9.502793694696702,
        -6.619999809265137,
        0.11852149509116085
      ],
      "target": [
        -2.8932918167114257,
        -6.759999809265136,
        0.03712877631187439
      ],
      "zoom": 1.54
    }
  ],
  "cards": [
    {
      "name": "spiral_project_card_00_edge",
      "matrix": [
        0.9135455367451537,
        0,
        0.40673646747594816,
        0,
        0,
        1,
        0,
        0,
        -0.40673646747594816,
        0,
        0.9135455367451537,
        0,
        -1.240546703338623,
        6.699999809265137,
        2.9969980716705322,
        1
      ],
      "position": [
        -1.240546703338623,
        6.699999809265137,
        2.9969980716705322
      ],
      "quaternion": [
        0,
        -0.20791159570217133,
        0,
        0.9781476259231567
      ],
      "scale": [
        1,
        1,
        1
      ]
    },
    {
      "name": "spiral_project_card_00_image",
      "matrix": [
        0.9135455367451537,
        0,
        0.40673646747594816,
        0,
        0,
        1,
        0,
        0,
        -0.40673646747594816,
        0,
        0.9135455367451537,
        0,
        -1.240546703338623,
        6.699999809265137,
        2.9869980812072754,
        1
      ],
      "position": [
        -1.240546703338623,
        6.699999809265137,
        2.9869980812072754
      ],
      "quaternion": [
        0,
        -0.20791159570217133,
        0,
        0.9781476259231567
      ],
      "scale": [
        1,
        1,
        1
      ]
    },
    {
      "name": "spiral_project_card_01_edge",
      "matrix": [
        0.6691304139630301,
        0,
        -0.7431450188161968,
        0,
        0,
        1,
        0,
        0,
        0.7431450188161968,
        0,
        0.6691304139630301,
        0,
        2.266591787338257,
        5.742856979370117,
        2.2888059616088867,
        1
      ],
      "position": [
        2.266591787338257,
        5.742856979370117,
        2.2888059616088867
      ],
      "quaternion": [
        0,
        0.4067367613315582,
        0,
        0.9135454297065735
      ],
      "scale": [
        1,
        1,
        1
      ]
    },
    {
      "name": "spiral_project_card_01_image",
      "matrix": [
        0.6691304139630301,
        0,
        -0.7431450188161968,
        0,
        0,
        1,
        0,
        0,
        0.7431450188161968,
        0,
        0.6691304139630301,
        0,
        2.266591787338257,
        5.742856979370117,
        2.27880597114563,
        1
      ],
      "position": [
        2.266591787338257,
        5.742856979370117,
        2.27880597114563
      ],
      "quaternion": [
        0,
        0.4067367613315582,
        0,
        0.9135454297065735
      ],
      "scale": [
        1,
        1,
        1
      ]
    },
    {
      "name": "spiral_project_card_02_edge",
      "matrix": [
        -0.5000001526318556,
        0,
        -0.8660253962263198,
        0,
        0,
        1,
        0,
        0,
        0.8660253962263198,
        0,
        -0.5000001526318556,
        0,
        2.6413774490356445,
        4.785714149475098,
        -1.0987499952316284,
        1
      ],
      "position": [
        2.6413774490356445,
        4.785714149475098,
        -1.0987499952316284
      ],
      "quaternion": [
        0,
        0.866025447845459,
        0,
        0.4999999701976776
      ],
      "scale": [
        1,
        1,
        1
      ]
    },
    {
      "name": "spiral_project_card_02_image",
      "matrix": [
        -0.5000001526318556,
        0,
        -0.8660253962263198,
        0,
        0,
        1,
        0,
        0,
        0.8660253962263198,
        0,
        -0.5000001526318556,
        0,
        2.6413774490356445,
        4.785714149475098,
        -1.1087499856948853,
        1
      ],
      "position": [
        2.6413774490356445,
        4.785714149475098,
        -1.1087499856948853
      ],
      "quaternion": [
        0,
        0.866025447845459,
        0,
        0.4999999701976776
      ],
      "scale": [
        1,
        1,
        1
      ]
    },
    {
      "name": "spiral_project_card_03_edge",
      "matrix": [
        -0.9781476824610493,
        0,
        0.2079115046651836,
        0,
        0,
        1,
        0,
        0,
        -0.2079115046651836,
        0,
        -0.9781476824610493,
        0,
        -0.6341306567192078,
        3.828571319580078,
        -2.484182596206665,
        1
      ],
      "position": [
        -0.6341306567192078,
        3.828571319580078,
        -2.484182596206665
      ],
      "quaternion": [
        0,
        -0.9945219159126282,
        0,
        0.10452836751937866
      ],
      "scale": [
        1,
        1,
        1
      ]
    },
    {
      "name": "spiral_project_card_03_image",
      "matrix": [
        -0.9781476824610493,
        0,
        0.2079115046651836,
        0,
        0,
        1,
        0,
        0,
        -0.2079115046651836,
        0,
        -0.9781476824610493,
        0,
        -0.6341306567192078,
        3.828571319580078,
        -2.494182586669922,
        1
      ],
      "position": [
        -0.6341306567192078,
        3.828571319580078,
        -2.494182586669922
      ],
      "quaternion": [
        0,
        -0.9945219159126282,
        0,
        0.10452836751937866
      ],
      "scale": [
        1,
        1,
        1
      ]
    },
    {
      "name": "spiral_project_card_04_edge",
      "matrix": [
        -0.10452824067408528,
        0,
        0.9945220861652615,
        0,
        0,
        1,
        0,
        0,
        -0.9945220861652615,
        0,
        -0.10452824067408528,
        0,
        -3.033291816711426,
        2.8714284896850586,
        0.04712877795100212,
        1
      ],
      "position": [
        -3.033291816711426,
        2.8714284896850586,
        0.04712877795100212
      ],
      "quaternion": [
        0,
        -0.7431447505950928,
        0,
        0.669130802154541
      ],
      "scale": [
        1,
        1,
        1
      ]
    },
    {
      "name": "spiral_project_card_04_image",
      "matrix": [
        -0.10452824067408528,
        0,
        0.9945220861652615,
        0,
        0,
        1,
        0,
        0,
        -0.9945220861652615,
        0,
        -0.10452824067408528,
        0,
        -3.033291816711426,
        2.8714284896850586,
        0.03712877631187439,
        1
      ],
      "position": [
        -3.033291816711426,
        2.8714284896850586,
        0.03712877631187439
      ],
      "quaternion": [
        0,
        -0.7431447505950928,
        0,
        0.669130802154541
      ],
      "scale": [
        1,
        1,
        1
      ]
    },
    {
      "name": "spiral_project_card_05_edge",
      "matrix": [
        0.9135454004276351,
        0,
        0.4067367633527148,
        0,
        0,
        1,
        0,
        0,
        -0.4067367633527148,
        0,
        0.9135454004276351,
        0,
        -1.240546703338623,
        1.914285659790039,
        2.9969980716705322,
        1
      ],
      "position": [
        -1.240546703338623,
        1.914285659790039,
        2.9969980716705322
      ],
      "quaternion": [
        0,
        -0.20791175961494446,
        0,
        0.978147566318512
      ],
      "scale": [
        1,
        1,
        1
      ]
    },
    {
      "name": "spiral_project_card_05_image",
      "matrix": [
        0.9135454004276351,
        0,
        0.4067367633527148,
        0,
        0,
        1,
        0,
        0,
        -0.4067367633527148,
        0,
        0.9135454004276351,
        0,
        -1.240546703338623,
        1.914285659790039,
        2.9869980812072754,
        1
      ],
      "position": [
        -1.240546703338623,
        1.914285659790039,
        2.9869980812072754
      ],
      "quaternion": [
        0,
        -0.20791175961494446,
        0,
        0.978147566318512
      ],
      "scale": [
        1,
        1,
        1
      ]
    },
    {
      "name": "spiral_project_card_06_edge",
      "matrix": [
        0.6691303169894223,
        0,
        -0.743145079232491,
        0,
        0,
        1,
        0,
        0,
        0.743145079232491,
        0,
        0.6691303169894223,
        0,
        2.266591787338257,
        0.9571428298950195,
        2.2888059616088867,
        1
      ],
      "position": [
        2.266591787338257,
        0.9571428298950195,
        2.2888059616088867
      ],
      "quaternion": [
        0,
        0.406736820936203,
        0,
        0.9135453701019287
      ],
      "scale": [
        1,
        1,
        1
      ]
    },
    {
      "name": "spiral_project_card_06_image",
      "matrix": [
        0.6691303169894223,
        0,
        -0.743145079232491,
        0,
        0,
        1,
        0,
        0,
        0.743145079232491,
        0,
        0.6691303169894223,
        0,
        2.266591787338257,
        0.9571428298950195,
        2.27880597114563,
        1
      ],
      "position": [
        2.266591787338257,
        0.9571428298950195,
        2.27880597114563
      ],
      "quaternion": [
        0,
        0.406736820936203,
        0,
        0.9135453701019287
      ],
      "scale": [
        1,
        1,
        1
      ]
    },
    {
      "name": "spiral_project_card_07_edge",
      "matrix": [
        -0.49999994615530596,
        0,
        -0.8660253882408142,
        0,
        0,
        1,
        0,
        0,
        0.8660253882408142,
        0,
        -0.49999994615530596,
        0,
        2.6413774490356445,
        0,
        -1.0987499952316284,
        1
      ],
      "position": [
        2.6413774490356445,
        0,
        -1.0987499952316284
      ],
      "quaternion": [
        0,
        0.8660253882408142,
        0,
        0.5
      ],
      "scale": [
        1,
        1,
        1
      ]
    },
    {
      "name": "spiral_project_card_07_image",
      "matrix": [
        -0.49999994615530596,
        0,
        -0.8660253882408142,
        0,
        0,
        1,
        0,
        0,
        0.8660253882408142,
        0,
        -0.49999994615530596,
        0,
        2.6413774490356445,
        0,
        -1.1087499856948853,
        1
      ],
      "position": [
        2.6413774490356445,
        0,
        -1.1087499856948853
      ],
      "quaternion": [
        0,
        0.8660253882408142,
        0,
        0.5
      ],
      "scale": [
        1,
        1,
        1
      ]
    },
    {
      "name": "spiral_project_card_08_edge",
      "matrix": [
        -0.9781479195735585,
        0,
        0.20791216918535582,
        0,
        0,
        1,
        0,
        0,
        -0.20791216918535582,
        0,
        -0.9781479195735585,
        0,
        -0.6341306567192078,
        -0.9571428298950195,
        -2.484182596206665,
        1
      ],
      "position": [
        -0.6341306567192078,
        -0.9571428298950195,
        -2.484182596206665
      ],
      "quaternion": [
        0,
        -0.994521975517273,
        0,
        0.10452869534492493
      ],
      "scale": [
        1,
        1,
        1
      ]
    },
    {
      "name": "spiral_project_card_08_image",
      "matrix": [
        -0.9781479195735585,
        0,
        0.20791216918535582,
        0,
        0,
        1,
        0,
        0,
        -0.20791216918535582,
        0,
        -0.9781479195735585,
        0,
        -0.6341306567192078,
        -0.9571428298950195,
        -2.494182586669922,
        1
      ],
      "position": [
        -0.6341306567192078,
        -0.9571428298950195,
        -2.494182586669922
      ],
      "quaternion": [
        0,
        -0.994521975517273,
        0,
        0.10452869534492493
      ],
      "scale": [
        1,
        1,
        1
      ]
    },
    {
      "name": "spiral_project_card_09_edge",
      "matrix": [
        -0.10452841785360789,
        0,
        0.9945219001625745,
        0,
        0,
        1,
        0,
        0,
        -0.9945219001625745,
        0,
        -0.10452841785360789,
        0,
        -3.033291816711426,
        -1.914285659790039,
        0.04712877795100212,
        1
      ],
      "position": [
        -3.033291816711426,
        -1.914285659790039,
        0.04712877795100212
      ],
      "quaternion": [
        0,
        -0.7431448101997375,
        0,
        0.6691306233406067
      ],
      "scale": [
        1,
        1,
        1
      ]
    },
    {
      "name": "spiral_project_card_09_image",
      "matrix": [
        -0.10452841785360789,
        0,
        0.9945219001625745,
        0,
        0,
        1,
        0,
        0,
        -0.9945219001625745,
        0,
        -0.10452841785360789,
        0,
        -3.033291816711426,
        -1.914285659790039,
        0.03712877631187439,
        1
      ],
      "position": [
        -3.033291816711426,
        -1.914285659790039,
        0.03712877631187439
      ],
      "quaternion": [
        0,
        -0.7431448101997375,
        0,
        0.6691306233406067
      ],
      "scale": [
        1,
        1,
        1
      ]
    },
    {
      "name": "spiral_project_card_10_edge",
      "matrix": [
        0.913545648277589,
        0,
        0.4067362546862654,
        0,
        0,
        1,
        0,
        0,
        -0.4067362546862654,
        0,
        0.913545648277589,
        0,
        -1.240546703338623,
        -2.8714284896850586,
        2.9969980716705322,
        1
      ],
      "position": [
        -1.240546703338623,
        -2.8714284896850586,
        2.9969980716705322
      ],
      "quaternion": [
        0,
        -0.20791146159172058,
        0,
        0.9781477451324463
      ],
      "scale": [
        1,
        1,
        1
      ]
    },
    {
      "name": "spiral_project_card_10_image",
      "matrix": [
        0.913545648277589,
        0,
        0.4067362546862654,
        0,
        0,
        1,
        0,
        0,
        -0.4067362546862654,
        0,
        0.913545648277589,
        0,
        -1.240546703338623,
        -2.8714284896850586,
        2.9869980812072754,
        1
      ],
      "position": [
        -1.240546703338623,
        -2.8714284896850586,
        2.9869980812072754
      ],
      "quaternion": [
        0,
        -0.20791146159172058,
        0,
        0.9781477451324463
      ],
      "scale": [
        1,
        1,
        1
      ]
    },
    {
      "name": "spiral_project_card_11_edge",
      "matrix": [
        0.6691312867248609,
        0,
        -0.7431442326352276,
        0,
        0,
        1,
        0,
        0,
        0.7431442326352276,
        0,
        0.6691312867248609,
        0,
        2.266591787338257,
        -3.828571319580078,
        2.2888059616088867,
        1
      ],
      "position": [
        2.266591787338257,
        -3.828571319580078,
        2.2888059616088867
      ],
      "quaternion": [
        0,
        0.40673622488975525,
        0,
        0.9135456681251526
      ],
      "scale": [
        1,
        1,
        1
      ]
    },
    {
      "name": "spiral_project_card_11_image",
      "matrix": [
        0.6691312867248609,
        0,
        -0.7431442326352276,
        0,
        0,
        1,
        0,
        0,
        0.7431442326352276,
        0,
        0.6691312867248609,
        0,
        2.266591787338257,
        -3.828571319580078,
        2.27880597114563,
        1
      ],
      "position": [
        2.266591787338257,
        -3.828571319580078,
        2.27880597114563
      ],
      "quaternion": [
        0,
        0.40673622488975525,
        0,
        0.9135456681251526
      ],
      "scale": [
        1,
        1,
        1
      ]
    },
    {
      "name": "spiral_project_card_12_edge",
      "matrix": [
        -0.49999973967877054,
        0,
        -0.8660255351126978,
        0,
        0,
        1,
        0,
        0,
        0.8660255351126978,
        0,
        -0.49999973967877054,
        0,
        2.6413774490356445,
        -4.785714149475098,
        -1.0987499952316284,
        1
      ],
      "position": [
        2.6413774490356445,
        -4.785714149475098,
        -1.0987499952316284
      ],
      "quaternion": [
        0,
        0.8660253286361694,
        0,
        0.5000001192092896
      ],
      "scale": [
        1,
        1,
        1
      ]
    },
    {
      "name": "spiral_project_card_12_image",
      "matrix": [
        -0.49999973967877054,
        0,
        -0.8660255351126978,
        0,
        0,
        1,
        0,
        0,
        0.8660255351126978,
        0,
        -0.49999973967877054,
        0,
        2.6413774490356445,
        -4.785714149475098,
        -1.1087499856948853,
        1
      ],
      "position": [
        2.6413774490356445,
        -4.785714149475098,
        -1.1087499856948853
      ],
      "quaternion": [
        0,
        0.8660253286361694,
        0,
        0.5000001192092896
      ],
      "scale": [
        1,
        1,
        1
      ]
    },
    {
      "name": "spiral_project_card_13_edge",
      "matrix": [
        -0.9781479195735585,
        0,
        0.20791188761424273,
        0,
        0,
        1,
        0,
        0,
        -0.20791188761424273,
        0,
        -0.9781479195735585,
        0,
        -0.6341306567192078,
        -5.742856979370117,
        -2.484182596206665,
        1
      ],
      "position": [
        -0.6341306567192078,
        -5.742856979370117,
        -2.484182596206665
      ],
      "quaternion": [
        0,
        -0.994521975517273,
        0,
        0.10452855378389359
      ],
      "scale": [
        1,
        1,
        1
      ]
    },
    {
      "name": "spiral_project_card_13_image",
      "matrix": [
        -0.9781479195735585,
        0,
        0.20791188761424273,
        0,
        0,
        1,
        0,
        0,
        -0.20791188761424273,
        0,
        -0.9781479195735585,
        0,
        -0.6341306567192078,
        -5.742856979370117,
        -2.494182586669922,
        1
      ],
      "position": [
        -0.6341306567192078,
        -5.742856979370117,
        -2.494182586669922
      ],
      "quaternion": [
        0,
        -0.994521975517273,
        0,
        0.10452855378389359
      ],
      "scale": [
        1,
        1,
        1
      ]
    },
    {
      "name": "spiral_project_card_14_edge",
      "matrix": [
        -0.10452806349457688,
        0,
        0.9945220949884046,
        0,
        0,
        1,
        0,
        0,
        -0.9945220949884046,
        0,
        -0.10452806349457688,
        0,
        -3.033291816711426,
        -6.699999809265137,
        0.04712877795100212,
        1
      ],
      "position": [
        -3.033291816711426,
        -6.699999809265137,
        0.04712877795100212
      ],
      "quaternion": [
        0,
        -0.743144690990448,
        0,
        0.6691308617591858
      ],
      "scale": [
        1,
        1,
        1
      ]
    },
    {
      "name": "spiral_project_card_14_image",
      "matrix": [
        -0.10452806349457688,
        0,
        0.9945220949884046,
        0,
        0,
        1,
        0,
        0,
        -0.9945220949884046,
        0,
        -0.10452806349457688,
        0,
        -3.033291816711426,
        -6.699999809265137,
        0.03712877631187439,
        1
      ],
      "position": [
        -3.033291816711426,
        -6.699999809265137,
        0.03712877631187439
      ],
      "quaternion": [
        0,
        -0.743144690990448,
        0,
        0.6691308617591858
      ],
      "scale": [
        1,
        1,
        1
      ]
    }
  ]
}